-0.125 0 0 0 0 0 0
-0.125 0 0 0 0 0 0
-0.125 0 0 0 0 0 0
-0.125 0 0 0 0 0 0
-0.125 0 0 0 0 0 0
-0.125 0 0 0 0 0 0
-0.125 0 0 0 0 0 0
-0.125 0 0 0 0 0 0
-0.125 0 0 0 0 0 0
-0.125 0 0 0 0 0 0
0 0 0 0 0 0 0
0 0 0 0 0 0 0
0 0 0 0 0 0 0
0 0 0 0 0 0 0
0 0 0 0 0 0 0
0.125 0 0 0 0 0 1
0.125 0 0 0 0 0 1
0.125 0 0 0 0 0 1
0.125 0 0 0 0 0 1
0.125 0 0 0 0 0 1
0.25 0 1 1 0 0 1
0.25 0 1 1 0 0 1
0.25 0 1 1 0 0 1
0.25 0 1 1 0 0 1
0.25 0 1 1 0 0 1
0.25 0 1 1 0 0 1
0.25 0 1 1 0 0 1
0.25 0 1 1 0 0 1
0.25 0 1 1 0 0 1
0.25 0 1 1 0 0 1
0.25 0 1 1 0 0 1
0.25 0 1 1 0 0 1
0.25 0 1 1 0 0 1
0.25 0 1 1 0 0 1
0.25 0 1 1 0 0 1
0.25 0 1 1 0 0 1
0.25 0 1 1 0 0 1
0.25 0 1 1 0 0 1
0.25 0 1 1 0 0 1
0.25 0 1 1 0 0 1
0.25 0 1 1 0 0 1
0.25 0 1 1 0 0 1
0.25 0 1 1 0 0 1
0.25 0 1 1 0 0 1
0.25 0 1 1 0 0 1
0.25 0 1 1 0 0 1
0.25 0 1 1 0 0 1
0.25 0 1 1 0 0 1
0.25 0 1 1 0 0 1
0.25 0 1 1 0 0 1
0.25 0 1 1 0 0 1
0.25 0 1 1 0 0 1
0.25 0 1 1 0 0 1
0.25 0 1 1 0 0 1
0.25 0 1 1 0 0 1
0.25 0 1 1 0 0 1
0.25 0 1 1 0 0 1
0.25 0 1 1 0 0 1
0.25 0 1 1 0 0 1
0.25 0 1 1 0 0 1
0.25 0 1 1 0 0 1
0.25 0 1 1 0 0 1
0.25 0 1 1 0 0 1
0.25 0 1 1 0 0 1
0.25 0 1 1 0 0 1
0 0 1 1 0 0 1
0 0 1 1 0 0 1
0 0 1 1 0 0 1
0 0 1 1 0 0 1
0 0 1 1 0 0 1
0 1 1 1 0 0 1
0 1 1 1 0 0 1
0 1 1 1 0 0 1
0 1 1 1 0 0 1
0 1 1 1 0 0 1
0 1 1 1 0 0 1
0 1 1 1 0 0 1
0 1 1 1 0 0 1
0 1 1 1 0 0 1
0 1 1 1 0 0 1
0 1 1 1 0 0 1
0 1 1 1 0 0 1
0 1 1 1 0 0 1
0 1 1 1 0 0 1
0 1 1 1 0 0 1
0 1 1 1 0 0 1
0 1 1 1 0 0 1
0 1 1 1 0 0 1
0 1 1 1 0 0 1
0 1 1 1 0 0 1
0 1 1 1 0 0 1
0 1 1 1 0 0 1
0 1 1 1 0 0 1
0 1 1 1 0 0 1
0 1 1 1 0 0 1
0 0 1 1 0 0 1
0 0 1 1 0 0 1
0 0 1 1 0 0 1
0 0 1 1 0 0 1
0 0 1 1 0 0 1
0.125 0 1 1 0 0 1
0.125 0 1 1 0 0 1
0.125 0 1 1 0 0 1
0.125 0 1 1 0 0 1
0.25 0 1 1 0 0 1
0.25 0 1 1 0 0 1
0.25 0 1 1 0 0 1
0.25 0 1 1 0 0 1
0.25 0 1 1 0 0 1
0.25 0 1 1 0 0 1
0.25 0 1 1 0 0 1
0.25 0 1 1 0 0 1
0.25 0 1 1 0 0 1
0.25 0 1 1 0 0 1
0.25 0 1 1 0 0 1
0.25 0 1 1 0 0 1
0.25 0 1 1 0 0 1
0.25 0 1 1 0 0 1
0.25 0 1 1 0 0 1
0.25 0 1 1 0 0 1
0.25 0 1 1 0 0 1
0.25 0 1 1 0 0 1
0.25 0 1 1 0 0 1
0.25 0 1 1 0 0 1
0.25 0 1 1 0 0 1
0.25 0 1 1 0 0 1
0.25 0 1 1 0 0 1
0.25 0 1 1 0 0 1
0.25 0 1 1 0 0 1
0.25 0 1 1 0 0 1
0.25 0 1 1 0 0 1
0.25 0 1 1 0 0 1
0.25 0 1 1 0 0 1
0.25 0 1 1 0 0 1
0.25 0 1 1 0 0 1
0.25 0 1 1 0 0 1
0.25 0 1 1 0 0 1
0.25 0 1 1 0 0 1
0.25 0 1 1 0 0 1
0.25 0 1 1 0 0 1
0.25 0 1 1 0 0 1
0.25 0 1 1 0 0 1
0.25 0 1 1 0 0 1
0.25 0 1 1 0 0 1
0.25 0 1 1 0 0 1
0.25 0 1 1 0 0 1
0.25 0 1 1 0 0 1
0.25 0 1 1 0 0 1
0.25 0 1 1 0 0 1
0.25 0 1 1 0 0 1
0.25 0 1 1 0 0 1
0.25 0 1 1 0 0 1
0.25 0 1 1 0 0 1
0.25 0 1 1 0 0 1
0.25 0 1 1 0 0 1
0.25 0 1 1 0 0 1
0.25 0 1 1 0 0 1
0.25 0 1 1 0 0 1
0.25 0 1 1 0 0 1
0.25 0 1 1 0 0 1
0.25 0 1 1 0 0 1
0.25 0 1 1 0 0 1
0.25 0 1 1 0 0 1
0.25 0 1 1 0 0 1
0.25 0 1 1 0 0 1
0.25 0 1 1 0 0 1
0.25 0 1 1 0 0 1
0.25 0 1 1 0 0 1
0.25 0 1 1 0 0 1
0.25 0 1 1 0 0 1
0.25 0 1 1 0 0 1
0.25 0 1 1 0 0 1
0 0 1 1 0 0 1
-0.25 0 1 1 0 0 1
-0.25 0 1 1 0 0 1
-0.25 0 1 1 0 0 1
-0.25 0 1 1 0 0 1
-0.25 0 1 1 0 0 1
0 0 10 10 0 0 1
