0.00 0.0 0 0 0 0 1
0.01 0.0 4 4 1 0 1
0.02 0.0 4 4 1 0 1
0.03 0.0 4 4 1 0 1
0.04 0.0 4 4 1 0 1
0.05 0.0 4 4 1 0 1
0.06 0.0 4 4 1 0 1
0.07 0.0 4 4 1 0 1
0.08 0.0 4 4 1 0 1
0.09 0.0 4 4 1 0 1
0.10 0.0 4 4 1 0 1
0.11 0.0 4 4 1 0 1
0.12 0.0 4 4 1 0 1
0.13 0.0 1 1 1 0 1
0.14 0.0 1 1 1 0 1
0.15 0.0 1 1 1 0 1
0.16 0.0 1 1 1 0 1
0.17 0.0 1 1 1 0 1
0.18 0.0 1 1 1 0 1
0.19 0.0 1 1 1 0 1
0.20 0.0 1 1 1 0 1
0.20 0.0 1 1 1 0 1
0.20 0.0 1 1 1 0 1
0.20 0.0 1 1 1 0 1
0.20 0.0 1 1 1 0 1
0.20 0.0 1 1 1 0 1
0.22 0.0 1 1 1 0 1
0.24 0.0 1 1 1 0 1
0.25 0.0 1 1 1 0 1
0.28 0.0 1 1 1 0 1
0.30 0.0 1 1 1 0 1
0.30 0.0 1 1 1 0 1
0.30 0.0 1 1 1 0 1
0.30 0.0 1 1 1 0 1
0.30 0.0 1 1 1 0 1
0.30 0.0 1 1 1 0 1
0.30 0.0 1 1 1 0 1
0.30 0.0 1 1 1 0 1
0.30 0.0 1 1 1 0 1
0.30 0.0 1 1 1 0 1
0.30 0.0 1 1 1 0 1
0.30 0.0 1 1 1 0 1
0.28 0.0 1 1 1 0 1
0.28 0.0 1 1 1 0 1
0.25 0.0 1 1 1 0 1
0.24 0.0 1 1 1 0 1
0.22 0.0 1 1 1 0 1
0.20 0.0 1 1 1 0 1
0.20 0.0 1 1 1 0 1
0.20 0.0 1 1 1 0 1
0.20 0.0 1 1 1 0 1
0.19 0.0 1 1 1 0 1
0.18 0.0 1 1 1 0 1
0.17 0.0 1 1 1 0 1
0.16 0.0 1 1 1 0 1
0.15 0.0 1 1 1 0 1
0.14 0.0 1 1 1 0 1
0.13 0.0 2 2 1 0 1
0.12 0.0 2 2 1 0 1
0.11 0.0 2 2 1 0 1
0.10 0.0 2 2 1 0 1
0.09 0.0 2 2 1 0 1
0.08 0.0 2 2 1 0 1
0.07 0.0 2 2 1 0 1
0.06 0.0 2 2 1 0 1
0.05 0.0 2 2 1 0 1
0.04 0.0 2 2 1 0 1
0.03 0.0 2 2 1 0 1
0.02 0.0 2 2 1 0 1
0.01 0.0 2 2 1 0 1
0.00 0.0 4 4 1 0 1
0.00 0.0 4 4 1 0 1
0.00 0.0 4 4 1 0 1
0.00 0.0 4 4 1 0 1
0.00 0.0 4 4 1 0 1
-0.10 0.0 4 4 1 0 1
-0.15 0.0 4 4 1 0 1
-0.2 0.0 4 4 1 0 1
-0.3 0.0 4 4 1 0 1
-0.3 0.0 4 4 1 0 1
-0.3 0.0 4 4 1 0 1
-0.3 0.0 4 4 1 0 1
-0.3 0.0 4 4 1 0 1
-0.3 0.0 4 4 1 0 1
-0.3 0.0 4 4 1 0 1
-0.2 0.0 4 4 1 0 1
-0.2 0.0 4 4 1 0 1
-0.1 0.0 4 4 1 0 1
0.00 0.0 4 4 1 0 1
0.00 -0.5 4 4 1 0 1
0.00 -1.0 4 4 1 0 1
0.01 -1.3 4 4 1 0 1
0.00 -1.5 4 4 1 0 1
0.00 -1.5 4 4 1 0 1
0.00 -1.5 4 4 1 0 1
0.00 -1.5 4 4 1 0 1
0.00 -1.5 4 4 1 0 1
0.00 -1.5 4 4 1 0 1
0.00 -1.5 4 4 1 0 1
0.00 -1.5 4 4 1 0 1
0.00 -1.5 4 4 1 0 1
0.00 -1.5 4 4 1 0 1
0.00 -1.0 4 4 1 0 1
0.00 -1.0 4 4 1 0 1
0.00 -1.0 4 4 1 0 1
0.00 -1.0 4 4 1 0 1
0.00 -1.0 4 4 1 0 1
0.00 -0.5 4 4 1 0 1
0.00 -0.5 4 4 1 0 1
0.00 -0.5 4 4 1 0 1
0.00 -0.5 4 4 1 0 1
0.03 -0.5 4 4 1 0 1
0.04 -0.5 4 4 1 0 0
0.05 -0.5 4 4 1 0 0
0.06 0.0 4 4 1 0 0
0.07 0.0 4 4 1 0 0
0.08 0.0 4 4 1 0 0
0.09 0.0 4 4 1 0 0
0.10 0.0 4 4 1 0 0
0.11 0.0 4 4 1 0 0
0.12 0.0 4 4 1 0 0
0.13 0.0 4 4 1 0 0
0.14 0.0 4 4 1 0 0
0.15 0.0 4 4 1 0 0
0.16 0.0 4 4 1 0 0
0.17 0.0 4 4 1 0 0
0.18 0.0 4 4 1 0 0
0.19 0.0 4 4 1 0 0
0.20 0.0 4 4 1 0 0
0.21 0.0 4 4 1 0 0
0.22 0.0 4 4 1 0 0
0.23 0.0 4 4 1 0 0
0.24 0.0 4 4 1 0 0
0.25 0.0 4 4 1 0 0
0.19 0.0 4 4 1 0 0
0.18 0.0 4 4 1 0 0
0.17 0.0 4 4 1 0 0
0.16 0.0 4 4 1 0 0
0.15 0.0 4 4 1 0 0
0.14 0.0 4 4 1 0 0
0.13 0.0 4 4 1 0 0
0.12 0.0 4 4 1 0 0
0.11 0.0 4 4 1 0 0
0.10 0.0 5 5 1 0 0
0.09 0.0 5 5 1 0 0
0.08 0.0 5 5 1 0 0
0.07 0.0 5 5 1 0 0
0.06 0.0 5 5 1 0 0
0.05 0.0 5 5 1 0 0
0.04 0.0 5 5 1 0 0
0.03 0.0 5 5 1 0 0
0.02 0.0 5 5 1 0 0
0.01 0.0 5 5 1 0 0
0.00 0.0 5 5 1 0 0
0.00 0.0 5 5 1 0 0
0.00 0.0 5 5 1 0 1
0.00 0.0 5 5 1 0 1
0.00 0.0 5 5 1 0 1
0.00 0.0 5 5 1 0 1
-0.05 0.0 5 5 1 0 1
-0.06 0.0 5 5 1 0 1
-0.07 0.0 5 5 1 0 1
-0.08 0.0 5 5 1 0 1
-0.09 0.0 5 5 1 0 1
-0.10 0.0 5 5 1 0 1
-0.11 0.0 5 5 1 0 1
-0.12 0.0 5 5 1 0 1
-0.13 0.0 5 5 1 0 1
-0.14 0.0 5 5 1 0 1
-0.15 0.0 5 5 1 0 1
-0.16 0.0 5 5 1 0 1
-0.17 0.0 5 5 1 0 1
-0.18 0.0 5 5 1 0 1
-0.2 0.0 5 5 1 0 1
-0.24 0.0 5 5 1 0 1
-0.26 0.0 5 5 1 0 1
-0.3 0.0 5 5 1 0 1
-0.3 0.0 5 5 1 0 1
-0.3 0.0 5 5 1 0 1
-0.3 0.0 5 5 1 0 1
-0.3 0.0 5 5 1 0 1
-0.3 0.0 5 5 1 0 1
-0.3 0.0 5 5 1 0 1
-0.3 0.0 5 5 1 0 1
-0.3 0.0 5 5 1 0 1
-0.3 0.0 5 5 1 0 1
-0.3 0.0 5 5 1 0 1
-0.3 0.0 5 5 1 0 1
-0.3 0.0 5 5 1 0 1
-0.3 0.0 5 5 1 0 1
-0.3 0.0 5 5 1 0 1
-0.3 0.0 5 5 1 0 1
-0.3 0.0 5 5 1 0 1
-0.3 0.0 5 5 1 0 1
-0.3 0.0 5 5 1 0 1
-0.3 0.0 5 5 1 0 1
-0.3 0.0 5 5 1 0 1
-0.3 0.0 5 5 1 0 1
-0.3 0.0 5 5 1 0 1
-0.3 0.0 5 5 1 0 1
-0.28 0.0 5 5 1 0 1
-0.26 0.0 5 5 1 0 1
-0.24 0.0 5 5 1 0 1
-0.22 0.0 5 5 1 0 1
-0.2 0.0 5 5 1 0 1
-0.18 0.0 5 5 1 0 1
-0.15 0.0 5 5 1 0 1
0.13 0.0 5 5 1 0 1
-0.1 0.0 5 5 1 0 1
-0.09 0.0 5 5 1 0 1
-0.08 0.0 5 5 1 0 1
-0.05 0.0 5 5 1 0 1
-0.02 0.0 5 5 1 0 1
-0.0 0.0 5 5 1 0 1
0.00 -0.5 4 4 1 0 1
0.00 -1.0 4 4 1 0 1
0.01 -1.3 4 4 1 0 1
0.00 -1.5 4 4 1 0 1
0.00 -1.5 4 4 1 0 1
0.00 -1.5 4 4 1 0 1
0.00 -1.5 4 4 1 0 1
0.00 -1.3 4 4 1 0 1
0.00 -1.0 4 4 1 0 1
0.00 -0.5 4 4 1 0 1
0.00 0.0 4 4 1 0 1 
-0.2 0.0 4 4 1 0 1
-0.4 0.0 4 4 1 0 1
-0.6 0.0 4 4 1 0 1
-0.8 0.0 4 4 1 0 1
-1.0 0.0 4 4 1 0 1
-1.2 0.0 4 4 1 0 1
-1.4 0.0 4 4 1 0 1
-1.2 0.0 4 4 1 0 1
-1.0 0.0 4 4 1 0 1
-0.8 0.0 4 4 1 0 1 
-0.6 0.0 4 4 1 0 1 
-0.4 0.0 4 4 1 0 1
-0.2 0.0 4 4 1 0 1
0.0 0.0 4 4 1 0 1